1
8	27	128
0	8	000
8	0	1	3	4	9	10	12	13
8	1	2	4	5	10	11	13	14
8	3	4	6	7	12	13	15	16
8	4	5	7	8	13	14	16	17
8	9	10	12	13	18	19	21	22
8	10	11	13	14	19	20	22	23
8	12	13	15	16	21	22	24	25
8	13	14	16	17	22	23	25	26
1	0
2	0	1
1	1
2	0	2
4	0	1	2	3
2	1	3
1	2
2	2	3
1	3
2	0	4
4	0	1	4	5
2	1	5
4	0	2	4	6
8	0	1	2	3	4	5	6	7
4	1	3	5	7
2	2	6
4	2	3	6	7
2	3	7
1	4
2	4	5
1	5
2	4	6
4	4	5	6	7
2	5	7
1	6
2	6	7
1	7
